1	1	2.431000e+10
1	2	4.716000e+05
2	3	3.889000e+05
2	4	2.343000e+09
3	6	4.210000e+00
3	7	5.126000e+01
4	9	7.374000e-01
5	10	3.433000e+00
5	11	1.388700e+01
6	12	7.001000e+06
6	13	7.842000e+04
7	14	1.943000e+06
7	15	7.143000e+03
8	16	1.410000e+07
8	17	5.260000e+03
8	18	2.827000e+04
9	19	8.411000e+02
10	20	1.996000e+06
10	21	4.786000e+03
10	22	1.468000e+05
11	23	5.751000e+04
12	24	8.057000e+05
12	25	1.020000e+05
12	26	1.123000e+05
13	27	8.410000e+04
14	28	9.223000e+05
14	29	4.683000e+04
14	30	3.087000e+04
15	31	8.373000e+03
16	32	4.227000e+05
16	33	3.340000e+03
16	34	1.875000e+04
16	36	7.600000e+01
17	35	3.968000e+03
17	37	1.269000e+03
18	36	8.671000e+04
18	38	1.576500e+04
18	40	2.500000e+01
19	39	3.443000e+03
19	40	4.310000e-01
19	41	2.485000e+02
20	40	6.094700e+04
20	42	4.070000e+02
20	43	8.490000e+01
20	44	1.311000e+03
20	46	2.500000e+00
20	48	1.180000e+02
21	45	3.120000e+01
22	46	2.000000e+02
22	47	1.800000e+02
22	48	1.785000e+03
22	49	1.310000e+02
22	50	1.260000e+02
23	50	7.200000e-01
23	51	2.876800e+02
24	50	5.590000e+02
24	52	1.077500e+04
24	53	1.222000e+03
24	54	3.040000e+02
25	55	9.168000e+03
26	54	4.898000e+04
26	56	7.689000e+05
26	57	1.776000e+04
26	58	2.360000e+03
27	59	2.323000e+03
28	58	3.254100e+04
28	60	1.253200e+04
28	61	5.450000e+02
28	62	1.737000e+03
28	64	4.420000e+02
29	63	3.645000e+02
29	65	1.625000e+02
30	64	5.960000e+02
30	66	3.420000e+02
30	67	5.030000e+01
30	68	2.300000e+02
30	70	7.600000e+00
31	69	2.162000e+01
31	71	1.435000e+01
32	70	2.560000e+01
32	72	3.340000e+01
32	73	9.300000e+00
32	74	4.330000e+01
32	76	9.000000e+00
33	75	6.089000e+00
34	74	5.800000e-01
34	76	6.160000e+00
34	77	5.020000e+00
34	78	1.564000e+01
34	80	3.264000e+01
34	82	5.740000e+00
35	79	5.740000e+00
35	81	5.580000e+00
36	78	2.000000e-01
36	80	1.280000e+00
36	82	6.430000e+00
36	83	6.370000e+00
36	84	3.138000e+01
36	86	9.490000e+00
37	85	4.743000e+00
37	87	1.829000e+00
38	84	1.312400e-01
38	86	2.320690e+00
38	87	1.743900e+00
38	88	1.944410e+01
39	89	4.608000e+00
40	90	5.830000e+00
40	91	1.272000e+00
40	92	1.943000e+00
40	94	1.969000e+00
40	96	3.170000e-01
41	93	7.554000e-01
42	92	3.860000e-01
42	94	2.410000e-01
42	95	4.140000e-01
42	96	4.340000e-01
42	97	2.490000e-01
42	98	6.280000e-01
42	100	2.510000e-01
44	96	1.053000e-01
44	98	3.550000e-02
44	99	2.420000e-01
44	100	2.390000e-01
44	101	3.240000e-01
44	102	5.990000e-01
44	104	3.540000e-01
45	103	3.708000e-01
46	102	1.460000e-02
46	104	1.600000e-01
46	105	3.200000e-01
46	106	3.920000e-01
46	108	3.800000e-01
46	110	1.680000e-01
47	107	2.547000e-01
47	109	2.366000e-01
48	106	1.980000e-02
48	108	1.410000e-02
48	110	1.980000e-01
48	111	2.030000e-01
48	112	3.820000e-01
48	113	1.940000e-01
48	114	4.550000e-01
48	116	1.190000e-01
49	113	7.800000e-03
49	115	1.730000e-01
50	112	3.625000e-02
50	114	2.460000e-02
50	115	1.265000e-02
50	116	5.426000e-01
50	117	2.865000e-01
50	118	9.042000e-01
50	119	3.205000e-01
50	120	1.216700e+00
50	122	1.728000e-01
50	124	2.161000e-01
51	121	1.883000e-01
51	123	1.409000e-01
52	120	4.600000e-03
52	122	1.253000e-01
52	123	4.370000e-02
52	124	2.319000e-01
52	125	3.437000e-01
52	126	9.125000e-01
52	128	1.526000e+00
52	130	1.627000e+00
53	127	9.975000e-01
54	124	6.940000e-04
54	126	6.020000e-03
54	128	1.200000e-01
54	129	1.480000e+00
54	130	2.360000e-01
54	131	1.175000e+00
54	132	1.421000e+00
54	134	5.210000e-01
54	136	4.240000e-01
55	133	3.671000e-01
56	130	4.600000e-03
56	132	4.400000e-03
56	134	1.052000e-01
56	135	2.868000e-01
56	136	3.417000e-01
56	137	4.887000e-01
56	138	3.120000e+00
57	138	3.970000e-04
57	139	4.401000e-01
58	136	2.170000e-03
58	138	2.930000e-03
58	140	1.034000e+00
58	142	1.299000e-01
59	141	1.737000e-01
60	142	2.268900e-01
60	143	1.018631e-01
60	144	1.990728e-01
60	145	6.934000e-02
60	146	1.434400e-01
60	148	4.795000e-02
60	150	4.695000e-02
62	144	7.810000e-03
62	147	3.811000e-02
62	148	2.860000e-02
62	149	3.510000e-02
62	150	1.880000e-02
62	152	6.800000e-02
62	154	5.780000e-02
63	151	4.548000e-02
63	153	4.965000e-02
64	152	6.700000e-04
64	154	7.240000e-03
64	155	4.915000e-02
64	156	6.797000e-02
64	157	5.198000e-02
64	158	8.248000e-02
64	160	7.261000e-02
65	159	5.907000e-02
66	156	2.160000e-04
66	158	3.710000e-04
66	160	9.040000e-03
66	161	7.300000e-02
66	162	9.850000e-02
66	163	9.620000e-02
66	164	1.089000e-01
67	165	8.986000e-02
68	162	3.500000e-04
68	164	4.109000e-03
68	166	8.584000e-02
68	167	5.856000e-02
68	168	6.842000e-02
68	170	3.813000e-02
69	169	3.700000e-02
70	168	3.230000e-04
70	170	7.551000e-03
70	171	3.547000e-02
70	172	5.423000e-02
70	173	4.007000e-02
70	174	7.907000e-02
70	176	3.170000e-02
71	175	3.480000e-02
71	176	9.230000e-04
72	174	2.750000e-04
72	176	8.920100e-03
72	177	3.159680e-02
72	178	4.635600e-02
72	179	2.314500e-02
72	180	5.960800e-02
73	180	2.580000e-06
73	181	2.098700e-02
74	180	1.530000e-04
74	182	3.384000e-02
74	183	1.828000e-02
74	184	3.913000e-02
74	186	3.630000e-02
75	185	1.965000e-02
75	187	3.289000e-02
76	184	1.330000e-04
76	186	1.072800e-02
76	187	1.108000e-02
76	188	8.952400e-02
76	189	1.091500e-01
76	190	1.775000e-01
76	192	2.756800e-01
77	191	2.403000e-01
77	193	4.045000e-01
78	190	1.850000e-04
78	192	1.062000e-02
78	194	4.473600e-01
78	195	4.590900e-01
78	196	3.425300e-01
78	198	9.721000e-02
79	197	1.955000e-01
80	196	6.300000e-04
80	198	4.110000e-02
80	199	6.970000e-02
80	200	9.530000e-02
80	201	5.440000e-02
80	202	1.233000e-01
80	204	2.830000e-02
81	203	5.450000e-02
81	205	1.300000e-01
82	204	6.457300e-02
82	206	6.103900e-01
82	207	6.708200e-01
82	208	1.912220e+00
83	209	1.388000e-01
90	232	3.512000e-02
92	235	6.700000e-05
92	238	9.238000e-03
